OTU_ID	1	2	3	4	5	6	7	8	9	10	11	12	13	Frequency
3511	0	1	0	0	0	0	0	0	0	1	0	0	0	2
4416	0	1	0	0	0	0	0	0	0	0	0	0	1	2
5358	0	0	0	0	0	0	0	0	0	0	0	1	1	2
2839	0	1	0	0	0	0	0	0	0	0	0	0	1	2
3181	0	0	1	0	0	1	0	0	0	0	0	0	0	2
5474	0	0	0	0	0	0	1	0	0	0	0	0	1	2
5079	0	1	0	0	1	0	0	0	0	0	0	0	0	2
5225	0	0	0	0	0	0	0	0	1	0	0	1	0	2
3597	0	0	0	1	0	0	0	0	0	0	0	1	0	2
4455	0	0	0	0	0	0	0	0	0	0	0	1	1	2
5348	0	0	0	1	0	1	0	0	0	0	0	0	0	2
4731	0	0	0	1	1	0	0	0	0	0	0	0	0	2
3615	0	0	0	0	0	0	0	1	1	0	0	0	0	2
4466	0	1	0	0	0	0	1	0	0	0	0	0	0	2
5441	0	0	1	0	0	0	0	0	0	1	0	0	0	2
5192	0	0	0	0	0	0	0	0	0	0	1	0	1	2
2270	0	0	0	0	0	1	0	0	0	1	0	0	0	2
4488	0	0	1	0	0	0	0	0	1	0	0	0	0	2
5306	0	0	0	1	0	0	0	0	0	0	0	1	0	2
5175	0	1	0	0	0	0	0	0	1	0	0	0	0	2
5122	0	0	0	0	0	1	1	0	0	0	0	0	0	2
4107	0	0	1	0	0	0	0	0	1	0	0	0	0	2
4228	0	0	0	0	0	0	0	0	1	0	0	1	0	2
2956	0	0	0	0	0	0	1	0	0	0	0	1	0	2
2523	0	0	0	0	0	0	1	1	0	0	0	0	0	2
5298	0	0	0	0	0	0	0	0	1	1	0	0	0	2
3609	0	0	1	1	0	0	0	0	0	0	0	0	0	2
2337	0	0	0	1	0	0	0	0	0	0	0	0	1	2
4887	0	0	0	0	0	0	0	0	0	0	0	1	1	2
2799	0	0	0	0	0	0	0	1	0	0	1	0	0	2
3187	0	0	0	1	1	0	0	0	0	0	0	0	0	2
3467	0	0	1	1	0	0	0	0	0	0	0	0	0	2
3944	0	0	0	0	0	1	0	0	0	0	0	1	0	2
3975	0	0	0	0	0	0	0	0	1	0	1	0	0	2
4125	0	0	0	0	0	0	0	0	1	0	1	0	0	2
1405	0	0	0	0	1	0	0	0	0	0	1	0	0	2
2524	0	0	0	1	0	0	0	0	0	0	0	0	1	2
3947	0	0	0	0	0	0	1	0	0	0	1	0	0	2
3632	0	0	0	0	1	0	1	0	0	0	0	0	0	2
4667	0	0	0	0	0	0	1	0	0	0	0	0	1	2
5370	0	0	0	0	0	0	0	0	0	0	0	1	1	2
5364	0	0	0	0	0	0	0	0	0	0	1	0	1	2
3771	0	1	0	0	0	0	0	0	0	1	0	0	0	2
3004	0	0	0	0	0	0	0	1	1	0	0	0	0	2
3833	0	0	0	0	0	0	0	1	0	1	0	0	0	2
3654	0	0	0	0	0	0	0	0	0	1	0	1	0	2
1209	1	1	0	0	0	0	0	0	0	0	0	0	0	2
3630	1	0	0	0	1	0	0	0	0	0	0	0	0	2
4744	0	0	0	0	0	1	0	1	0	0	0	0	0	2
5558	0	1	0	0	1	0	0	0	0	0	0	0	0	2
5177	0	0	1	0	0	0	0	0	1	0	0	0	0	2
4297	0	0	0	0	1	1	0	0	0	0	0	0	0	2
4764	0	0	0	0	0	0	1	0	0	0	0	0	1	2
4831	0	0	0	0	1	0	1	0	0	0	0	0	0	2
4296	0	0	1	0	1	0	0	0	0	0	0	0	0	2
4790	0	1	0	1	0	0	0	0	0	0	0	0	0	2
3167	0	0	0	1	1	0	0	0	0	0	0	0	0	2
5023	0	1	0	0	0	0	0	0	0	0	0	0	1	2
5487	0	0	0	0	0	0	0	1	0	1	0	0	0	2
4736	0	0	0	0	0	0	0	1	1	0	0	0	0	2
5028	0	0	0	1	0	0	0	0	1	0	0	0	0	2
3520	0	0	0	0	0	0	0	0	0	1	0	0	1	2
3108	0	0	0	0	0	0	0	1	0	0	0	1	0	2
306	1	0	1	0	0	0	0	0	0	0	0	0	0	2
5287	0	0	0	0	0	0	0	0	0	1	0	0	1	2
5435	0	0	0	0	0	0	0	0	1	1	0	0	0	2
4930	0	0	1	0	0	0	0	1	0	0	0	0	0	2
3844	0	0	0	0	0	0	0	0	1	1	0	0	0	2
2840	0	0	0	0	0	0	0	1	0	1	0	0	0	2
2156	0	0	0	0	0	0	0	0	0	1	1	0	0	2
131	0	0	0	1	0	1	0	0	0	0	0	0	0	2
2528	0	0	1	0	0	0	1	0	0	0	0	0	0	2
1840	0	0	1	1	0	0	0	0	0	0	0	0	0	2
3883	0	0	0	1	0	1	0	0	0	0	0	0	0	2
5211	0	0	0	0	0	0	0	0	1	0	1	0	0	2
3973	0	0	0	0	0	0	0	0	1	0	0	1	0	2
2086	0	0	0	0	0	1	0	0	1	0	0	0	0	2
4851	0	0	0	0	0	0	0	0	0	1	0	1	0	2
699	0	0	0	0	0	0	0	1	0	0	0	1	0	2
4484	0	0	0	0	0	0	0	0	0	1	0	1	0	2
4535	0	0	0	0	0	0	1	0	0	0	0	1	0	2
5557	0	0	0	0	0	0	0	1	0	0	1	0	0	2
4767	0	0	0	0	0	0	0	0	0	0	1	1	0	2
1977	0	0	1	0	0	0	0	0	0	0	0	0	1	2
2038	0	0	1	0	0	1	0	0	0	0	0	0	0	2
2160	0	0	1	0	0	0	0	0	0	0	0	1	0	2
95	0	0	0	0	0	0	0	0	0	2	0	1	0	2
142	0	0	1	0	0	0	2	0	0	0	0	0	0	2
3657	0	0	2	0	0	0	0	0	0	1	0	0	0	2
5488	0	2	0	0	0	0	1	0	0	0	0	0	0	2
3505	0	0	0	0	0	0	2	0	1	0	0	0	0	2
5387	0	0	0	0	0	0	0	0	0	0	2	1	0	2
4263	0	0	0	0	0	0	0	0	0	0	0	1	2	2
385	2	1	0	0	0	0	0	0	0	0	0	0	0	2
5395	0	0	0	0	0	0	0	0	0	0	1	2	0	2
3929	0	0	0	2	0	0	0	1	0	0	0	0	0	2
4871	0	1	2	0	0	0	0	0	0	0	0	0	0	2
3220	0	0	2	0	0	0	1	0	0	0	0	0	0	2
373	0	0	1	0	2	0	0	0	0	0	0	0	0	2
3601	0	0	0	0	1	0	2	0	0	0	0	0	0	2
3457	0	0	0	0	0	0	0	1	0	0	2	0	0	2
1650	0	2	0	0	0	0	0	0	1	0	0	0	0	2
5276	0	0	0	0	0	0	1	0	0	2	0	0	0	2
3506	0	0	0	0	0	0	1	0	0	0	0	0	2	2
555	0	2	0	0	0	0	0	0	0	0	0	1	0	2
74	0	0	0	0	0	0	0	0	2	1	0	0	0	2
4854	0	2	0	0	1	0	0	0	0	0	0	0	0	2
5259	0	0	0	0	0	0	1	2	0	0	0	0	0	2
4411	0	0	0	0	0	0	0	0	2	0	0	1	0	2
2385	0	0	0	0	0	0	0	1	0	0	2	0	0	2
2664	1	2	0	0	0	0	0	0	0	0	0	0	0	2
2488	1	0	0	0	2	0	0	0	0	0	0	0	0	2
1684	0	0	0	0	1	0	0	0	0	2	0	0	0	2
4392	0	0	2	0	0	0	0	0	0	0	0	1	0	2
2954	0	0	1	0	0	0	0	0	0	2	0	0	0	2
3592	0	0	2	1	0	0	0	0	0	0	0	0	0	2
4895	1	0	0	0	0	0	2	0	0	0	0	0	0	2
5202	2	0	0	0	0	0	1	0	0	0	0	0	0	2
3497	0	0	0	0	0	1	0	0	2	0	0	0	0	2
3836	2	1	0	0	0	0	0	0	0	0	0	0	0	2
1934	2	0	0	0	0	0	1	0	0	0	0	0	0	2
4382	0	0	0	0	0	0	0	1	0	2	0	0	0	2
3572	0	0	0	0	0	1	0	0	0	2	0	0	0	2
2605	0	0	0	0	0	0	0	0	0	0	0	2	1	2
3564	0	0	0	0	0	0	0	2	0	0	0	0	1	2
3821	0	0	0	0	0	0	0	0	1	0	0	0	2	2
2947	0	0	0	0	0	0	0	0	0	0	1	2	0	2
4222	0	0	0	0	0	0	0	2	0	0	0	0	1	2
1643	0	0	1	0	0	2	0	0	0	0	0	0	0	2
2195	0	2	1	0	0	0	0	0	0	0	0	0	0	2
3014	0	0	2	0	0	0	0	0	0	0	1	0	0	2
2077	0	0	0	0	2	0	2	0	0	0	0	0	0	2
747	0	0	0	0	0	0	2	0	0	2	0	0	0	2
154	0	0	0	0	0	0	0	0	0	0	0	1	3	2
2885	0	0	0	0	0	0	0	0	2	0	2	0	0	2
5240	0	0	1	0	0	0	0	0	0	3	0	0	0	2
2943	0	0	0	0	0	0	1	0	0	3	0	0	0	2
3927	2	0	0	0	2	0	0	0	0	0	0	0	0	2
3963	0	0	0	0	0	0	0	0	0	0	0	2	2	2
1504	0	2	0	0	2	0	0	0	0	0	0	0	0	2
3845	0	2	0	2	0	0	0	0	0	0	0	0	0	2
5224	0	0	0	0	0	2	0	0	0	0	0	0	2	2
5244	0	0	0	0	0	0	0	0	0	0	0	1	3	2
5279	0	0	0	0	0	0	1	0	0	0	0	0	3	2
5380	0	0	0	0	0	0	0	0	0	0	2	0	2	2
3332	0	0	0	0	0	1	0	0	0	0	0	0	3	2
3685	0	0	0	0	0	0	0	0	0	0	2	2	0	2
1328	0	0	3	0	0	1	0	0	0	0	0	0	0	2
5475	0	2	0	0	0	0	0	2	0	0	0	0	0	2
1655	2	2	0	0	0	0	0	0	0	0	0	0	0	2
504	2	0	0	0	0	2	0	0	0	0	0	0	0	2
3930	0	0	0	0	0	0	0	0	1	3	0	0	0	2
5238	0	0	1	0	0	0	0	0	0	0	3	0	0	2
4408	0	0	0	0	0	0	2	0	0	0	2	0	0	2
5452	0	0	2	0	0	2	0	0	0	0	0	0	0	2
2991	0	0	0	0	0	0	0	0	3	0	1	0	0	2
1172	0	0	0	0	1	0	0	0	0	0	0	0	3	2
5272	0	0	0	0	0	0	0	0	0	0	2	0	2	2
3491	0	0	0	0	0	0	0	0	0	0	1	3	0	2
1306	0	0	2	0	0	2	0	0	0	0	0	0	0	2
254	0	0	1	0	0	3	0	0	0	0	0	0	0	2
2176	0	0	0	0	4	1	0	0	0	0	0	0	0	2
3829	0	0	0	0	0	0	0	4	0	0	1	0	0	2
617	0	0	0	0	0	4	1	0	0	0	0	0	0	2
3849	0	0	0	0	0	0	0	0	0	0	1	0	4	2
1372	0	0	0	2	0	0	3	0	0	0	0	0	0	2
3826	0	0	0	0	0	4	0	0	0	0	0	0	1	2
1373	0	0	0	0	0	4	0	1	0	0	0	0	0	2
3723	0	0	3	0	0	0	0	0	0	0	2	0	0	2
3919	0	0	0	0	0	0	0	3	0	0	0	0	2	2
4137	0	0	0	0	0	0	0	1	0	0	0	0	4	2
4290	0	0	0	0	0	0	1	5	0	0	0	0	0	2
2530	0	0	0	0	0	0	0	0	1	0	0	5	0	2
5229	0	0	0	0	0	0	0	0	5	0	1	0	0	2
3494	0	0	0	0	5	0	1	0	0	0	0	0	0	2
4330	5	1	0	0	0	0	0	0	0	0	0	0	0	2
1493	0	0	0	0	0	3	0	0	3	0	0	0	0	2
2272	2	0	0	0	4	0	0	0	0	0	0	0	0	2
4899	0	0	0	0	0	0	0	0	0	0	1	0	5	2
2916	0	0	5	0	0	0	0	0	1	0	0	0	0	2
819	0	0	0	0	0	0	0	0	0	3	3	0	0	2
2301	1	0	0	0	0	0	0	0	0	0	0	5	0	2
4242	0	0	0	0	1	5	0	0	0	0	0	0	0	2
1610	0	0	0	0	0	0	2	0	0	0	0	0	4	2
5075	0	0	0	4	0	0	0	0	0	2	0	0	0	2
1956	0	0	0	0	0	0	0	0	3	3	0	0	0	2
60	2	0	0	0	4	0	0	0	0	0	0	0	0	2
1128	0	2	0	0	0	0	0	4	0	0	0	0	0	2
3073	0	0	0	2	0	0	4	0	0	0	0	0	0	2
935	0	0	1	0	0	0	0	0	0	5	0	0	0	2
2416	0	0	0	0	0	0	0	0	0	0	5	0	1	2
2432	0	0	0	0	0	0	0	0	0	0	5	0	1	2
2003	2	0	0	0	0	0	5	0	0	0	0	0	0	2
3212	0	0	0	0	1	0	6	0	0	0	0	0	0	2
3433	0	0	0	0	0	0	0	0	0	0	0	1	6	2
256	0	0	0	0	0	3	0	0	4	0	0	0	0	2
389	0	0	0	3	4	0	0	0	0	0	0	0	0	2
4264	0	0	0	0	0	0	0	0	0	0	0	4	3	2
2724	0	0	0	0	0	0	0	0	6	0	0	1	0	2
2656	0	0	0	0	0	0	0	6	0	0	1	0	0	2
4944	0	0	0	0	0	0	1	0	0	0	6	0	0	2
1884	0	0	0	0	0	0	0	0	0	0	3	0	4	2
5133	0	0	0	1	0	0	6	0	0	0	0	0	0	2
5405	0	0	0	0	0	0	0	0	0	0	6	1	0	2
1675	2	0	0	0	0	5	0	0	0	0	0	0	0	2
2489	0	0	1	0	0	0	0	0	6	0	0	0	0	2
3022	0	0	0	3	4	0	0	0	0	0	0	0	0	2
3690	0	0	6	1	0	0	0	0	0	0	0	0	0	2
1556	0	0	0	2	0	5	0	0	0	0	0	0	0	2
379	0	0	0	0	0	3	0	0	4	0	0	0	0	2
2483	0	0	0	0	0	0	5	0	0	0	0	2	0	2
1848	0	0	0	0	5	0	0	0	2	0	0	0	0	2
1581	0	0	0	0	0	0	0	0	1	0	0	6	0	2
1497	0	0	0	2	6	0	0	0	0	0	0	0	0	2
3165	0	0	5	0	0	3	0	0	0	0	0	0	0	2
4954	0	0	0	0	0	3	0	0	0	5	0	0	0	2
4778	3	0	0	5	0	0	0	0	0	0	0	0	0	2
2259	0	5	0	3	0	0	0	0	0	0	0	0	0	2
4336	0	0	0	0	0	0	0	5	0	0	3	0	0	2
868	0	0	0	0	0	0	0	0	4	0	0	4	0	2
4836	0	3	0	0	0	0	0	0	5	0	0	0	0	2
4834	0	0	0	0	7	0	0	1	0	0	0	0	0	2
352	2	6	0	0	0	0	0	0	0	0	0	0	0	2
5518	6	0	0	0	0	0	0	0	0	0	0	2	0	2
5308	0	0	0	0	0	0	0	0	0	1	0	7	0	2
5273	0	1	0	0	0	0	0	0	0	0	0	0	7	2
4291	0	0	0	0	0	0	0	4	0	0	0	0	4	2
1595	0	0	0	0	7	0	2	0	0	0	0	0	0	2
1982	0	0	1	0	0	0	0	0	0	0	8	0	0	2
22	0	0	0	0	0	0	0	8	0	0	1	0	0	2
3135	0	0	0	0	8	0	0	1	0	0	0	0	0	2
3624	0	0	0	0	0	7	2	0	0	0	0	0	0	2
4449	0	0	0	0	0	0	0	0	0	0	8	1	0	2
2984	8	1	0	0	0	0	0	0	0	0	0	0	0	2
1939	0	1	0	0	0	0	0	0	0	0	0	0	8	2
4189	0	0	0	0	0	0	0	0	0	0	5	0	4	2
1864	0	1	0	0	0	0	0	0	0	0	0	0	8	2
388	0	0	0	0	0	3	6	0	0	0	0	0	0	2
181	0	0	8	0	0	1	0	0	0	0	0	0	0	2
2034	0	0	3	0	0	0	0	0	0	0	6	0	0	2
3543	0	0	0	0	2	8	0	0	0	0	0	0	0	2
1104	0	0	0	0	5	0	0	0	0	5	0	0	0	2
905	0	0	1	9	0	0	0	0	0	0	0	0	0	2
539	0	0	0	0	0	0	0	0	0	0	0	7	3	2
4752	0	0	2	8	0	0	0	0	0	0	0	0	0	2
201	0	0	0	8	2	0	0	0	0	0	0	0	0	2
2366	0	0	0	0	0	0	0	9	1	0	0	0	0	2
1715	0	0	0	0	0	0	0	0	3	7	0	0	0	2
14	0	0	0	0	0	6	4	0	0	0	0	0	0	2
1588	0	0	0	0	0	0	0	0	0	0	1	9	0	2
167	0	0	0	0	0	1	0	0	9	0	0	0	0	2
4021	0	0	0	0	0	0	0	0	0	0	7	0	3	2
5552	0	0	0	0	0	0	0	0	0	0	4	0	6	2
299	10	0	0	0	0	0	0	0	0	0	0	0	1	2
514	0	0	9	0	0	0	0	0	2	0	0	0	0	2
3967	0	0	0	0	0	10	1	0	0	0	0	0	0	2
3799	0	0	10	0	0	0	0	1	0	0	0	0	0	2
4754	0	1	0	0	10	0	0	0	0	0	0	0	0	2
169	6	0	0	0	0	0	0	5	0	0	0	0	0	2
1021	0	0	0	0	0	10	0	0	1	0	0	0	0	2
1779	0	0	0	0	0	0	0	3	8	0	0	0	0	2
1647	0	0	0	0	0	0	0	0	2	0	0	0	10	2
1311	0	0	6	6	0	0	0	0	0	0	0	0	0	2
3794	0	0	0	0	0	0	0	0	0	0	0	3	9	2
4234	0	0	0	11	0	0	1	0	0	0	0	0	0	2
3444	9	3	0	0	0	0	0	0	0	0	0	0	0	2
2983	11	1	0	0	0	0	0	0	0	0	0	0	0	2
1285	0	0	11	0	0	1	0	0	0	0	0	0	0	2
1113	0	0	0	0	12	0	0	0	0	1	0	0	0	2
622	0	0	12	1	0	0	0	0	0	0	0	0	0	2
3156	0	2	0	0	11	0	0	0	0	0	0	0	0	2
1424	0	0	8	0	0	0	0	0	0	5	0	0	0	2
952	0	0	0	0	6	0	7	0	0	0	0	0	0	2
1728	0	0	0	11	0	0	0	2	0	0	0	0	0	2
4747	0	1	0	0	12	0	0	0	0	0	0	0	0	2
207	0	0	0	0	0	0	3	10	0	0	0	0	0	2
3791	0	0	0	0	0	0	0	0	6	0	7	0	0	2
2965	13	1	0	0	0	0	0	0	0	0	0	0	0	2
4151	0	0	0	0	0	0	0	13	0	0	0	0	1	2
5012	0	0	0	0	0	0	0	0	0	0	0	2	12	2
5217	0	0	0	0	0	0	0	11	0	0	3	0	0	2
795	0	5	0	0	0	0	0	0	0	0	0	0	9	2
4804	0	0	0	0	13	0	1	0	0	0	0	0	0	2
5260	0	0	0	0	0	0	0	0	12	2	0	0	0	2
3232	0	0	0	0	0	0	0	0	1	0	13	0	0	2
953	0	0	0	0	0	0	0	0	7	0	7	0	0	2
627	0	0	0	0	0	0	0	0	0	0	0	13	2	2
397	0	0	0	0	0	2	13	0	0	0	0	0	0	2
553	0	0	0	0	0	0	9	0	0	6	0	0	0	2
79	0	0	0	0	0	0	4	0	0	11	0	0	0	2
949	0	0	0	0	0	0	0	0	12	0	3	0	0	2
3665	0	0	4	0	0	0	0	0	0	0	0	11	0	2
6	0	0	0	0	13	0	2	0	0	0	0	0	0	2
1762	13	2	0	0	0	0	0	0	0	0	0	0	0	2
3928	0	0	0	0	0	0	0	0	13	2	0	0	0	2
4236	0	0	0	0	0	0	0	3	0	0	12	0	0	2
845	0	0	14	0	0	1	0	0	0	0	0	0	0	2
5274	0	0	0	0	15	0	0	0	0	1	0	0	0	2
3806	0	0	0	0	0	0	0	0	1	0	0	15	0	2
761	0	0	0	0	0	0	2	0	0	0	0	0	14	2
5496	0	0	6	0	0	0	0	0	0	0	10	0	0	2
824	0	0	0	0	0	4	0	0	0	0	0	12	0	2
1279	0	0	0	0	16	0	0	0	0	1	0	0	0	2
4894	0	0	0	0	0	0	0	0	1	0	16	0	0	2
4975	0	3	0	0	0	0	0	14	0	0	0	0	0	2
3588	0	2	0	0	15	0	0	0	0	0	0	0	0	2
316	0	0	13	0	0	4	0	0	0	0	0	0	0	2
1079	0	0	6	0	0	0	0	0	0	0	12	0	0	2
3718	3	0	0	15	0	0	0	0	0	0	0	0	0	2
4995	0	0	7	0	0	0	0	0	0	0	11	0	0	2
1051	0	0	0	0	0	0	0	7	11	0	0	0	0	2
954	0	0	3	0	0	0	0	0	0	0	0	17	0	2
414	0	0	0	0	0	0	0	0	0	0	0	10	10	2
1156	0	0	0	0	0	0	0	0	0	0	0	14	6	2
174	17	3	0	0	0	0	0	0	0	0	0	0	0	2
4337	16	4	0	0	0	0	0	0	0	0	0	0	0	2
663	0	0	0	0	0	0	13	7	0	0	0	0	0	2
1119	0	0	0	3	0	0	0	18	0	0	0	0	0	2
1146	0	0	0	0	16	0	5	0	0	0	0	0	0	2
3622	1	0	0	0	20	0	0	0	0	0	0	0	0	2
1154	0	0	7	0	0	0	0	0	14	0	0	0	0	2
990	0	0	0	12	0	9	0	0	0	0	0	0	0	2
5409	0	0	0	0	0	0	0	0	0	0	0	10	11	2
4219	0	0	0	0	0	0	0	20	0	0	0	0	2	2
398	0	21	0	0	0	0	1	0	0	0	0	0	0	2
354	0	0	0	7	0	15	0	0	0	0	0	0	0	2
3861	0	0	4	0	0	0	0	0	0	0	18	0	0	2
5228	0	0	0	0	0	0	0	0	0	0	14	0	8	2
3681	22	1	0	0	0	0	0	0	0	0	0	0	0	2
467	0	0	0	0	0	0	0	0	0	0	19	0	4	2
1070	0	0	0	16	0	8	0	0	0	0	0	0	0	2
3635	0	0	0	0	0	0	1	0	0	0	24	0	0	2
371	0	0	0	7	0	0	0	0	0	0	19	0	0	2
1403	0	0	1	0	0	0	0	0	0	0	0	25	0	2
1089	0	0	0	0	0	0	0	10	0	17	0	0	0	2
106	0	0	2	0	0	0	0	0	0	25	0	0	0	2
232	0	0	1	0	0	26	0	0	0	0	0	0	0	2
2755	0	0	0	0	0	0	0	0	27	0	1	0	0	2
1017	14	0	0	0	0	0	15	0	0	0	0	0	0	2
4224	0	0	0	0	18	0	0	11	0	0	0	0	0	2
526	5	26	0	0	0	0	0	0	0	0	0	0	0	2
295	0	0	0	0	0	0	6	0	0	0	0	0	25	2
621	0	0	0	15	0	0	16	0	0	0	0	0	0	2
5484	0	0	0	0	0	0	0	0	0	0	31	0	1	2
69	0	0	16	0	0	0	0	0	0	0	16	0	0	2
843	0	0	0	2	31	0	0	0	0	0	0	0	0	2
482	0	0	0	1	0	32	0	0	0	0	0	0	0	2
91	0	0	0	5	28	0	0	0	0	0	0	0	0	2
792	0	0	0	0	25	0	8	0	0	0	0	0	0	2
287	8	0	0	0	26	0	0	0	0	0	0	0	0	2
276	0	0	0	0	0	0	0	0	0	0	0	7	27	2
642	2	0	0	0	32	0	0	0	0	0	0	0	0	2
150	0	9	25	0	0	0	0	0	0	0	0	0	0	2
671	0	0	0	0	0	0	0	0	0	1	0	33	0	2
619	0	0	0	0	0	1	0	35	0	0	0	0	0	2
459	0	0	14	0	0	23	0	0	0	0	0	0	0	2
2540	6	32	0	0	0	0	0	0	0	0	0	0	0	2
956	0	0	0	0	0	0	0	5	0	0	0	35	0	2
422	0	0	0	0	0	0	1	0	0	40	0	0	0	2
324	0	0	0	0	41	1	0	0	0	0	0	0	0	2
4355	0	0	0	19	0	0	23	0	0	0	0	0	0	2
5181	0	0	0	0	0	0	0	34	0	0	9	0	0	2
531	0	0	0	0	0	0	4	0	0	0	0	40	0	2
804	0	0	0	0	0	0	0	0	6	0	0	41	0	2
179	0	0	0	5	0	0	0	0	0	43	0	0	0	2
2542	0	0	0	0	0	0	1	0	0	0	47	0	0	2
5036	0	0	3	51	0	0	0	0	0	0	0	0	0	2
358	0	0	0	0	0	0	0	0	52	0	0	0	4	2
5540	0	0	0	0	0	0	0	45	0	0	13	0	0	2
3823	0	0	0	0	0	0	0	44	0	0	15	0	0	2
5549	0	0	0	0	0	0	0	50	0	0	10	0	0	2
372	0	0	0	0	64	0	0	0	1	0	0	0	0	2
509	0	0	0	0	0	0	0	0	22	0	0	44	0	2
3565	0	0	0	0	0	0	0	0	0	0	17	51	0	2
643	0	0	0	20	53	0	0	0	0	0	0	0	0	2
263	0	0	0	12	62	0	0	0	0	0	0	0	0	2
307	0	0	0	48	26	0	0	0	0	0	0	0	0	2
592	0	0	0	0	0	0	0	71	0	0	0	0	3	2
616	6	73	0	0	0	0	0	0	0	0	0	0	0	2
322	0	0	0	0	0	0	0	0	0	0	0	2	81	2
494	0	0	0	2	83	0	0	0	0	0	0	0	0	2
5268	0	0	0	0	7	0	0	0	0	0	0	0	78	2
308	0	0	0	0	0	0	10	0	0	0	0	75	0	2
947	0	0	0	82	4	0	0	0	0	0	0	0	0	2
455	0	0	0	83	0	0	3	0	0	0	0	0	0	2
4149	0	0	0	14	0	73	0	0	0	0	0	0	0	2
210	0	0	0	0	0	0	0	0	0	0	56	31	0	2
303	0	0	0	2	0	0	86	0	0	0	0	0	0	2
5500	20	70	0	0	0	0	0	0	0	0	0	0	0	2
645	0	0	6	0	0	0	0	0	0	84	0	0	0	2
453	0	0	0	0	0	0	0	92	0	0	0	0	1	2
282	0	0	9	0	0	88	0	0	0	0	0	0	0	2
547	0	0	0	0	0	0	0	0	0	0	65	32	0	2
343	0	0	0	8	0	0	0	0	0	0	0	0	94	2
334	0	0	0	6	0	99	0	0	0	0	0	0	0	2
393	6	0	0	0	0	0	0	0	0	0	0	101	0	2
312	0	0	0	9	0	0	105	0	0	0	0	0	0	2
187	0	0	0	0	0	0	0	0	0	0	2	126	0	2
205	0	0	0	1	0	128	0	0	0	0	0	0	0	2
63	0	0	4	0	0	129	0	0	0	0	0	0	0	2
5171	0	0	0	0	0	0	0	0	9	0	124	0	0	2
236	24	115	0	0	0	0	0	0	0	0	0	0	0	2
5436	0	112	0	0	34	0	0	0	0	0	0	0	0	2
457	0	0	40	107	0	0	0	0	0	0	0	0	0	2
1054	0	0	0	0	0	0	0	0	0	0	147	4	0	2
1327	0	0	83	0	0	0	0	0	0	0	70	0	0	2
277	0	0	0	0	0	0	0	0	0	0	32	139	0	2
363	0	0	0	98	0	0	0	85	0	0	0	0	0	2
165	0	0	0	181	0	0	0	5	0	0	0	0	0	2
59	0	0	161	0	0	0	0	0	0	34	0	0	0	2
148	0	0	0	0	0	0	0	0	0	0	0	105	91	2
80	0	0	4	0	0	203	0	0	0	0	0	0	0	2
3226	0	0	0	0	0	0	0	0	27	0	230	0	0	2
259	0	197	0	80	0	0	0	0	0	0	0	0	0	2
144	0	0	58	0	0	0	0	0	0	0	222	0	0	2
175	295	24	0	0	0	0	0	0	0	0	0	0	0	2
129	0	0	0	0	0	0	0	246	0	0	0	0	141	2
4963	0	0	0	0	0	0	0	0	411	0	9	0	0	2
145	536	15	0	0	0	0	0	0	0	0	0	0	0	2
3515	0	0	0	0	0	0	0	0	35	0	610	0	0	2
23	0	0	583	0	0	552	0	0	0	0	0	0	0	2
81	0	0	342	0	0	0	0	0	821	0	0	0	0	2
3754	0	0	676	0	0	0	0	0	0	0	996	0	0	2
4415	0	0	0	0	0	0	1	0	0	0	0	1	1	3
5511	0	0	0	0	1	1	0	1	0	0	0	0	0	3
5129	0	0	0	0	1	1	0	1	0	0	0	0	0	3
4283	0	0	0	0	0	1	1	0	0	0	0	1	0	3
3631	0	1	1	0	1	0	0	0	0	0	0	0	0	3
4423	0	1	0	0	0	1	1	0	0	0	0	0	0	3
2824	0	0	1	1	0	0	0	1	0	0	0	0	0	3
5227	0	0	0	1	0	0	1	0	0	0	0	1	0	3
3449	0	0	1	1	0	0	1	0	0	0	0	0	0	3
4685	0	0	1	1	0	0	0	0	0	0	1	0	0	3
3566	0	1	0	0	0	0	0	1	0	0	0	0	1	3
24	0	1	0	0	0	0	0	0	1	0	0	0	1	3
5346	0	0	0	0	0	0	0	1	0	0	1	1	0	3
5277	0	0	0	0	0	0	0	1	0	0	1	1	0	3
3068	0	0	0	0	0	0	1	0	1	1	0	0	0	3
2154	1	1	0	0	1	0	0	0	0	0	0	0	0	3
1874	0	1	0	0	0	0	1	0	0	1	0	0	0	3
4292	0	0	0	0	0	1	1	0	0	1	0	0	0	3
4770	1	0	1	0	0	0	0	0	0	1	0	0	0	3
4793	0	0	0	0	1	1	0	1	0	0	0	0	0	3
3813	0	0	0	1	0	0	1	0	0	0	1	0	0	3
4348	0	0	1	1	0	1	0	0	0	0	0	0	0	3
3137	0	0	1	1	0	0	0	0	0	0	0	1	0	3
5076	0	0	1	0	0	0	0	0	2	0	1	0	0	3
2653	0	0	0	2	0	0	0	0	1	1	0	0	0	3
3753	0	0	0	0	0	0	1	0	0	1	0	0	2	3
2732	0	0	0	0	0	0	1	0	0	0	0	1	2	3
5061	0	0	0	0	0	0	0	0	1	2	0	1	0	3
4389	1	0	2	0	0	0	1	0	0	0	0	0	0	3
3747	0	0	0	0	0	1	0	0	0	2	0	0	1	3
4274	0	0	0	0	0	0	1	0	0	0	2	1	0	3
3196	0	1	0	0	2	0	0	0	0	1	0	0	0	3
3012	0	0	0	0	0	1	0	0	1	0	2	0	0	3
3672	0	1	0	0	0	0	0	0	0	0	2	0	1	3
1638	0	0	1	0	0	0	0	1	0	0	0	0	2	3
2233	0	0	0	0	0	0	1	0	0	2	0	0	1	3
3584	0	0	0	0	0	0	0	1	0	1	0	2	0	3
4176	0	0	0	0	0	0	1	0	0	2	1	0	0	3
5537	0	0	0	0	0	1	0	0	1	0	0	2	0	3
3843	1	0	0	1	2	0	0	0	0	0	0	0	0	3
4908	0	0	2	0	0	1	0	0	1	0	0	0	0	3
4308	0	0	0	1	0	1	0	2	0	0	0	0	0	3
4941	0	0	0	0	0	0	0	2	2	1	0	0	0	3
4940	1	1	0	0	0	0	3	0	0	0	0	0	0	3
2276	0	2	2	0	0	0	1	0	0	0	0	0	0	3
2061	0	0	0	0	0	0	0	3	1	0	1	0	0	3
5257	0	0	1	3	0	0	0	0	0	0	1	0	0	3
5285	0	1	0	3	0	1	0	0	0	0	0	0	0	3
2073	1	0	0	0	0	0	0	0	0	0	0	3	1	3
5243	0	0	0	0	0	0	0	1	1	0	0	3	0	3
3639	1	0	0	0	2	0	2	0	0	0	0	0	0	3
3607	0	2	0	0	2	1	0	0	0	0	0	0	0	3
4784	0	0	0	0	0	0	1	0	0	3	0	0	1	3
2699	0	0	0	0	0	0	0	2	2	0	0	0	1	3
3638	1	0	0	3	1	0	0	0	0	0	0	0	0	3
3019	1	0	0	0	0	0	2	0	0	0	0	2	0	3
5265	0	0	0	0	0	1	0	0	2	2	0	0	0	3
4833	0	0	3	0	0	1	1	0	0	0	0	0	0	3
4179	0	0	2	2	0	0	0	0	0	0	0	1	0	3
5153	1	0	0	0	0	0	0	2	0	3	0	0	0	3
3557	2	1	0	3	0	0	0	0	0	0	0	0	0	3
2675	0	0	0	0	0	0	0	3	1	0	0	2	0	3
3614	0	0	0	0	0	1	0	0	3	2	0	0	0	3
2937	0	0	1	0	0	1	0	0	0	4	0	0	0	3
4932	1	0	0	0	2	0	3	0	0	0	0	0	0	3
3643	0	0	0	0	0	0	0	3	1	0	2	0	0	3
3943	0	0	0	0	1	0	0	0	0	3	2	0	0	3
3942	0	2	0	0	0	1	0	0	0	3	0	0	0	3
2525	0	1	0	0	0	2	0	0	0	3	0	0	0	3
2594	0	0	0	0	0	0	0	2	3	1	0	0	0	3
3987	0	0	2	0	0	1	0	0	0	4	0	0	0	3
3925	0	0	0	0	0	0	0	0	0	0	2	1	4	3
2482	0	0	0	0	0	0	0	5	0	1	0	0	1	3
2356	1	0	3	3	0	0	0	0	0	0	0	0	0	3
1954	0	2	0	0	4	1	0	0	0	0	0	0	0	3
4825	0	1	0	0	5	1	0	0	0	0	0	0	0	3
1714	0	0	1	0	0	4	0	2	0	0	0	0	0	3
4863	0	0	2	0	0	0	3	0	0	0	0	2	0	3
3041	0	0	4	0	0	2	1	0	0	0	0	0	0	3
5434	1	0	0	0	3	0	3	0	0	0	0	0	0	3
472	0	0	0	0	2	0	0	3	0	0	0	2	0	3
3439	0	3	0	0	0	0	0	1	0	0	0	0	4	3
1425	0	0	0	0	0	6	0	0	0	1	0	1	0	3
5002	0	0	0	0	0	0	0	0	0	1	1	0	6	3
4957	0	0	0	0	0	0	0	0	3	4	1	0	0	3
3510	0	5	0	0	0	0	0	0	0	1	0	0	2	3
1733	0	0	1	0	0	0	0	0	2	5	0	0	0	3
2521	4	2	0	0	0	2	0	0	0	0	0	0	0	3
2702	0	0	0	0	0	2	5	0	0	0	0	1	0	3
4816	2	0	0	0	0	2	4	0	0	0	0	0	0	3
3238	2	0	0	4	0	0	0	0	2	0	0	0	0	3
2847	0	0	0	0	0	0	0	5	0	1	2	0	0	3
1326	0	0	0	0	5	0	3	0	0	1	0	0	0	3
3519	0	1	1	0	7	0	0	0	0	0	0	0	0	3
3574	0	0	0	0	3	0	0	4	0	0	0	0	2	3
773	4	2	0	3	0	0	0	0	0	0	0	0	0	3
5547	7	1	0	0	1	0	0	0	0	0	0	0	0	3
5109	0	0	0	1	0	0	6	0	0	0	0	3	0	3
3675	0	0	0	3	6	0	0	0	0	1	0	0	0	3
462	0	0	1	0	0	4	0	0	5	0	0	0	0	3
4178	0	0	0	0	0	1	0	0	4	5	0	0	0	3
3689	0	0	0	6	0	0	3	0	0	0	1	0	0	3
315	3	3	4	0	0	0	0	0	0	0	0	0	0	3
3579	0	0	0	0	1	0	0	0	5	4	0	0	0	3
3149	0	2	0	2	6	0	0	0	0	0	0	0	0	3
381	2	2	0	0	6	0	0	0	0	0	0	0	0	3
5112	0	0	0	0	0	0	0	1	5	0	0	0	4	3
1174	0	0	0	0	0	0	3	0	0	3	5	0	0	3
585	0	0	0	6	3	0	0	2	0	0	0	0	0	3
5495	0	0	0	0	2	0	0	0	0	5	0	0	4	3
4840	1	1	0	0	9	0	0	0	0	0	0	0	0	3
1435	0	0	0	1	0	0	2	8	0	0	0	0	0	3
304	0	0	0	0	0	1	0	1	0	9	0	0	0	3
1284	0	0	0	0	0	0	0	0	5	6	1	0	0	3
708	1	0	0	0	1	0	0	0	0	0	0	0	10	3
364	0	0	0	0	3	1	0	0	0	0	0	0	8	3
4273	0	0	0	0	0	9	2	1	0	0	0	0	0	3
5027	0	0	0	0	1	8	0	3	0	0	0	0	0	3
4185	0	0	0	0	0	0	0	0	11	1	0	0	1	3
1420	11	1	0	1	0	0	0	0	0	0	0	0	0	3
5065	9	3	0	0	1	0	0	0	0	0	0	0	0	3
1686	0	0	0	0	0	1	0	0	0	1	0	12	0	3
832	5	7	2	0	0	0	0	0	0	0	0	0	0	3
5342	4	3	0	7	0	0	0	0	0	0	0	0	0	3
5513	0	0	0	12	1	0	0	1	0	0	0	0	0	3
1304	0	0	0	0	0	2	2	11	0	0	0	0	0	3
56	0	2	0	0	0	0	0	0	0	0	0	10	3	3
1123	0	1	0	0	0	0	10	0	4	0	0	0	0	3
4911	0	0	2	12	0	0	0	0	0	0	0	0	1	3
4373	1	6	0	0	8	0	0	0	0	0	0	0	0	3
4867	0	0	6	0	5	0	0	4	0	0	0	0	0	3
704	0	0	0	2	0	10	4	0	0	0	0	0	0	3
5425	0	0	0	0	0	0	0	0	0	0	5	2	9	3
677	0	0	3	0	0	0	0	0	8	0	5	0	0	3
215	1	9	0	0	0	0	0	0	7	0	0	0	0	3
1282	0	0	0	0	0	0	0	0	2	14	0	1	0	3
1786	0	0	0	4	3	0	0	0	0	10	0	0	0	3
4396	15	1	0	2	0	0	0	0	0	0	0	0	0	3
5367	0	0	0	0	0	0	0	0	1	0	0	5	12	3
5366	0	0	0	0	0	0	0	0	0	0	6	1	11	3
130	3	13	0	0	0	0	0	0	0	0	0	0	2	3
1816	0	0	0	0	0	0	0	0	0	0	10	3	5	3
3816	0	0	0	0	0	0	0	0	1	0	16	1	0	3
1600	0	0	0	0	0	0	0	0	7	2	9	0	0	3
3634	0	0	8	0	0	0	2	0	0	0	0	0	8	3
706	0	0	0	0	0	0	7	0	0	0	6	0	6	3
4799	0	0	2	0	2	0	16	0	0	0	0	0	0	3
739	0	0	0	6	10	4	0	0	0	0	0	0	0	3
5450	0	0	0	0	0	0	0	0	2	0	0	3	16	3
1182	0	0	4	0	0	0	0	0	16	1	0	0	0	3
5128	0	0	0	0	1	19	0	1	0	0	0	0	0	3
5233	0	1	0	13	8	0	0	0	0	0	0	0	0	3
916	0	0	0	0	0	5	0	0	0	0	7	0	11	3
71	0	0	0	0	21	1	2	0	0	0	0	0	0	3
5369	0	0	0	0	0	0	0	0	2	0	0	6	16	3
4320	0	2	0	0	0	0	0	15	0	0	0	0	7	3
155	0	0	1	0	0	0	0	0	9	0	0	15	0	3
1923	2	5	0	0	18	0	0	0	0	0	0	0	0	3
273	0	6	0	5	16	0	0	0	0	0	0	0	0	3
3633	0	1	0	1	25	0	0	0	0	0	0	0	0	3
4811	21	4	0	0	2	0	0	0	0	0	0	0	0	3
134	1	22	0	0	5	0	0	0	0	0	0	0	0	3
846	0	15	0	2	0	12	0	0	0	0	0	0	0	3
939	18	6	0	0	7	0	0	0	0	0	0	0	0	3
147	13	0	13	0	0	0	0	5	0	0	0	0	0	3
977	0	0	0	0	1	0	0	0	0	0	19	0	11	3
3042	0	0	0	31	1	1	0	0	0	0	0	0	0	3
251	0	0	4	0	0	0	0	0	13	17	0	0	0	3
825	0	0	0	13	15	0	0	6	0	0	0	0	0	3
3972	0	0	0	0	1	33	1	0	0	0	0	0	0	3
435	0	0	0	0	0	2	0	29	0	4	0	0	0	3
4198	0	2	0	0	0	0	0	0	1	0	0	0	35	3
217	0	0	0	0	0	0	0	0	0	0	4	33	3	3
853	0	0	4	0	0	0	0	0	32	0	0	0	6	3
4798	36	4	0	3	0	0	0	0	0	0	0	0	0	3
4990	5	36	0	0	0	0	0	0	0	0	0	0	2	3
822	0	0	1	0	0	0	0	0	0	0	1	41	0	3
20	30	12	0	0	2	0	0	0	0	0	0	0	0	3
98	0	0	0	0	0	0	0	0	0	0	35	2	8	3
4321	0	0	0	38	3	0	0	6	0	0	0	0	0	3
2158	0	0	0	0	0	8	34	0	0	6	0	0	0	3
396	0	11	0	0	0	29	9	0	0	0	0	0	0	3
4903	0	0	0	0	0	0	0	0	5	0	0	52	2	3
156	0	0	0	41	9	0	0	11	0	0	0	0	0	3
208	0	0	0	0	0	0	0	0	0	0	5	51	6	3
340	0	0	0	0	0	17	0	0	0	0	0	34	12	3
361	0	0	0	0	0	0	0	0	0	0	47	8	8	3
4959	0	1	0	8	55	0	0	0	0	0	0	0	0	3
640	0	0	10	2	0	0	0	53	0	0	0	0	0	3
413	0	0	0	1	64	0	0	0	0	1	0	0	0	3
191	3	0	24	0	0	39	0	0	0	0	0	0	0	3
188	0	0	0	0	0	0	18	0	0	0	0	45	3	3
5186	0	2	0	0	65	0	1	0	0	0	0	0	0	3
66	5	42	22	0	0	0	0	0	0	0	0	0	0	3
498	0	0	1	0	0	0	0	0	0	0	9	65	0	3
4904	0	0	0	1	0	1	76	0	0	0	0	0	0	3
587	0	3	0	45	32	0	0	0	0	0	0	0	0	3
272	0	0	0	1	9	0	0	0	0	0	0	78	0	3
280	0	23	0	1	0	0	0	0	0	0	0	0	73	3
73	0	48	31	23	0	0	0	0	0	0	0	0	0	3
58	0	0	0	0	0	0	2	0	5	0	0	0	98	3
2806	3	6	0	0	99	0	0	0	0	0	0	0	0	3
166	0	0	3	0	0	0	47	0	65	0	0	0	0	3
541	0	0	0	0	0	0	0	0	110	0	0	4	5	3
283	0	0	0	0	0	0	4	0	0	0	0	2	115	3
4973	111	0	7	0	0	0	0	0	0	0	5	0	0	3
4196	0	9	0	3	0	0	0	0	0	0	0	0	115	3
128	1	31	0	0	0	0	0	0	97	0	0	0	0	3
329	0	0	0	145	0	4	2	0	0	0	0	0	0	3
314	0	0	83	0	0	0	0	21	0	47	0	0	0	3
244	0	0	23	0	0	0	3	0	0	130	0	0	0	3
3210	30	22	0	0	122	0	0	0	0	0	0	0	0	3
211	0	0	0	0	0	0	71	0	0	4	0	0	103	3
250	137	9	0	43	0	0	0	0	0	0	0	0	0	3
237	0	0	0	0	0	0	0	21	0	157	29	0	0	3
271	0	0	0	0	105	35	0	84	0	0	0	0	0	3
118	0	0	3	0	0	221	0	2	0	0	0	0	0	3
48	0	0	0	5	0	1	0	0	0	0	0	0	221	3
289	0	0	0	0	0	87	0	0	0	46	0	110	0	3
108	1	27	0	249	0	0	0	0	0	0	0	0	0	3
194	2	0	0	309	1	0	0	0	0	0	0	0	0	3
4737	0	0	28	0	0	0	0	0	267	24	0	0	0	3
5118	0	0	0	31	281	0	0	0	0	8	0	0	0	3
135	0	0	0	0	0	14	0	0	316	4	0	0	0	3
2032	0	517	2	2	0	0	0	0	0	0	0	0	0	3
3070	0	0	0	32	422	0	0	70	0	0	0	0	0	3
176	4	522	0	4	0	0	0	0	0	0	0	0	0	3
26	0	0	0	0	0	0	0	0	43	0	0	174	456	3
5398	0	0	0	646	44	0	0	3	0	0	0	0	0	3
117	0	0	0	0	0	0	0	0	742	30	9	0	0	3
126	0	0	0	0	0	3	0	0	1	0	0	946	0	3
111	0	0	0	0	0	6	0	199	0	0	995	0	0	3
1066	0	0	0	0	0	0	0	0	0	0	513	60	635	3
5241	0	0	2	0	0	0	0	0	7	0	2335	0	0	3
5163	0	0	3165	0	0	1	0	0	0	2	0	0	0	3
2275	0	0	0	0	0	1	1	0	0	1	0	0	1	4
5543	0	0	1	1	0	0	1	0	0	0	0	1	0	4
1666	0	0	1	1	0	1	0	0	0	0	0	0	1	4
4823	1	1	0	0	1	0	1	0	0	0	0	0	0	4
5491	1	1	0	0	0	0	0	1	0	1	0	0	0	4
2588	1	0	1	0	0	0	0	0	0	1	0	0	1	4
3539	0	0	1	0	0	0	0	0	0	0	2	1	1	4
2939	0	0	0	0	0	0	2	0	1	0	1	1	0	4
3647	0	0	0	0	0	1	0	1	0	0	0	1	2	4
1759	0	0	2	0	0	1	1	0	0	0	0	1	0	4
5468	0	0	1	0	0	1	0	2	0	0	0	1	0	4
3668	0	0	0	1	1	0	0	2	0	1	0	0	0	4
3463	0	1	0	2	0	0	0	0	1	1	0	0	0	4
2809	0	0	0	1	0	1	1	0	0	0	2	0	0	4
2257	1	0	0	1	0	3	0	0	0	1	0	0	0	4
2632	0	1	0	0	0	0	0	0	0	1	0	2	2	4
1958	0	0	0	0	0	0	1	0	2	2	0	0	1	4
2908	0	0	0	0	0	0	3	1	0	0	1	1	0	4
3513	0	0	0	1	1	0	3	0	1	0	0	0	0	4
3679	1	2	0	0	1	0	2	0	0	0	0	0	0	4
2539	1	1	0	1	3	0	0	0	0	0	0	0	0	4
5490	3	0	0	0	0	0	0	1	0	1	0	0	1	4
5087	0	0	0	2	0	1	0	0	2	1	0	0	0	4
3528	0	0	0	1	0	0	0	2	0	0	1	0	2	4
1967	0	0	0	0	0	1	0	0	1	2	0	0	3	4
10	0	3	0	0	0	0	0	0	0	1	0	2	1	4
4231	0	0	0	4	0	0	1	0	0	0	1	0	1	4
4842	0	0	0	0	0	0	0	2	1	0	2	0	2	4
5505	1	0	0	0	0	0	0	0	0	3	0	1	2	4
4829	0	0	0	0	2	1	0	2	2	0	0	0	0	4
5085	2	0	0	0	0	1	0	3	1	0	0	0	0	4
1513	0	1	1	2	0	3	0	0	0	0	0	0	0	4
4331	0	1	0	4	1	1	0	0	0	0	0	0	0	4
3576	1	1	0	0	3	2	0	0	0	0	0	0	0	4
1667	1	2	0	0	0	0	2	0	0	2	0	0	0	4
3670	0	0	1	0	0	1	0	3	0	2	0	0	0	4
97	0	0	0	0	0	1	0	0	0	4	0	1	1	4
4194	0	0	0	0	0	0	0	0	2	2	2	0	1	4
2734	0	0	1	0	0	1	0	1	0	0	0	0	5	4
1768	0	0	0	0	0	0	1	0	3	3	0	0	1	4
5356	0	1	0	0	1	0	5	0	0	0	0	1	0	4
3923	0	0	0	0	0	0	1	2	0	0	1	4	0	4
3839	5	0	0	1	0	1	0	1	0	0	0	0	0	4
433	0	2	0	1	0	3	3	0	0	0	0	0	0	4
5432	0	0	1	0	0	0	0	1	6	0	0	0	1	4
4759	0	1	0	0	3	0	4	0	0	1	0	0	0	4
4367	0	0	0	0	2	0	0	2	1	4	0	0	0	4
2750	3	3	1	2	0	0	0	0	0	0	0	0	0	4
125	0	0	1	0	0	1	0	0	0	2	0	0	5	4
4351	0	1	0	1	0	4	0	0	0	3	0	0	0	4
3772	0	0	0	0	0	0	0	0	5	1	3	1	0	4
1031	0	0	3	0	0	0	0	0	3	3	0	1	0	4
4343	0	0	0	0	0	0	0	6	1	0	0	2	1	4
16	6	0	0	1	0	0	0	0	0	1	0	2	0	4
3931	0	0	0	0	0	0	1	0	1	0	0	3	6	4
3610	0	0	0	0	2	0	1	0	0	3	0	0	5	4
2087	0	0	0	0	0	0	0	3	2	0	0	4	2	4
5110	0	0	1	0	0	0	0	1	4	0	0	0	5	4
4359	0	0	0	0	0	0	0	5	0	0	2	2	2	4
3957	0	0	1	0	0	0	0	1	2	0	0	0	8	4
4969	0	0	1	0	0	1	0	0	1	9	0	0	0	4
2690	0	5	0	5	1	1	0	0	0	0	0	0	0	4
2490	0	2	0	0	0	0	6	2	4	0	0	0	0	4
4989	0	0	0	0	0	2	0	0	4	5	3	0	0	4
5503	0	1	0	0	0	0	4	0	1	0	9	0	0	4
3651	0	3	0	6	4	0	0	0	0	0	0	2	0	4
268	0	0	0	0	4	0	1	0	0	0	0	7	4	4
1132	1	0	4	0	0	0	0	7	4	0	0	0	0	4
2487	0	0	0	0	0	2	0	0	9	3	0	2	0	4
4204	0	0	1	0	0	0	0	2	5	0	0	0	9	4
5546	3	0	0	6	3	5	0	0	0	0	0	0	0	4
3069	0	0	0	0	0	0	0	0	3	0	1	10	3	4
3608	0	0	5	0	1	0	0	0	0	0	3	8	0	4
4391	0	2	11	0	0	0	0	2	2	0	0	0	0	4
4257	9	1	0	0	6	0	0	0	0	0	0	2	0	4
4783	0	0	0	3	9	0	6	0	0	0	0	0	1	4
1281	0	0	8	0	0	0	0	1	8	0	0	2	0	4
2814	0	3	8	0	0	0	0	0	0	0	2	0	6	4
1039	3	0	0	1	7	0	0	0	0	11	0	0	0	4
246	0	0	6	0	0	10	0	0	1	0	6	0	0	4
1336	0	0	2	0	0	0	0	0	12	9	0	0	1	4
415	0	4	0	6	7	0	0	8	0	0	0	0	0	4
350	0	0	0	0	2	3	0	6	0	0	0	0	14	4
4369	0	0	0	0	0	0	0	1	4	20	0	1	0	4
5056	0	0	0	0	0	0	0	4	5	14	0	4	0	4
800	3	0	0	1	23	0	1	0	0	0	0	0	0	4
266	0	0	0	0	0	6	17	0	0	2	0	3	0	4
653	1	0	0	4	0	0	18	0	0	0	0	0	6	4
5255	0	1	0	0	0	0	0	1	1	0	0	0	26	4
12	0	0	0	0	0	7	0	0	9	13	1	0	0	4
2130	0	0	0	0	0	0	0	4	17	5	0	4	0	4
4758	0	0	0	0	0	0	0	0	0	5	9	11	6	4
44	0	0	17	0	0	0	0	5	0	3	8	0	0	4
395	0	0	5	0	0	8	0	19	0	0	0	0	4	4
356	0	0	22	0	1	0	0	0	3	0	0	0	10	4
331	0	0	0	5	30	3	3	0	0	0	0	0	0	4
158	0	1	0	0	0	6	0	0	0	0	0	16	18	4
1289	0	0	1	0	0	1	0	0	3	38	0	0	0	4
218	0	0	0	0	0	0	0	6	6	0	0	2	29	4
3299	0	0	0	0	0	0	0	1	1	0	5	37	0	4
714	33	7	4	0	0	0	1	0	0	0	0	0	0	4
5266	16	0	18	0	0	0	0	0	3	10	0	0	0	4
332	0	0	0	0	0	42	0	2	2	0	1	0	0	4
2111	11	8	0	5	0	0	0	0	0	0	0	0	24	4
980	0	0	3	0	0	0	0	3	0	0	5	43	0	4
4955	0	0	9	0	0	19	0	0	0	27	1	0	0	4
3837	0	0	0	2	0	0	0	0	0	0	49	1	5	4
5352	9	18	0	0	2	0	0	0	0	30	0	0	0	4
5459	0	0	0	0	0	0	0	1	1	0	44	14	0	4
5062	0	0	1	1	0	0	65	4	0	0	0	0	0	4
76	0	0	2	38	2	0	0	0	0	0	0	40	0	4
5000	5	7	41	30	0	0	0	0	0	0	0	0	0	4
660	0	0	0	0	0	0	0	0	1	2	59	30	0	4
562	0	0	0	0	0	0	0	1	4	0	61	37	0	4
678	0	0	11	81	0	0	0	1	0	0	18	0	0	4
310	0	0	0	20	0	0	59	34	0	3	0	0	0	4
474	16	87	0	10	0	0	8	0	0	0	0	0	0	4
402	22	2	0	14	0	0	0	0	0	0	0	0	129	4
4148	2	173	0	2	0	7	0	0	0	0	0	0	0	4
4775	150	30	0	0	5	0	3	0	0	0	0	0	0	4
1075	0	2	0	0	19	0	0	0	46	0	0	0	139	4
341	0	0	2	0	0	0	0	0	0	0	166	28	12	4
367	0	0	20	0	0	0	0	0	184	0	8	0	4	4
67	45	44	2	186	0	0	0	0	0	0	0	0	0	4
168	0	0	0	0	0	0	4	0	0	0	25	250	1	4
17	2	316	3	3	0	0	0	0	0	0	0	0	0	4
15	0	0	0	0	0	0	0	3	11	0	295	85	0	4
3628	0	0	17	0	0	16	0	0	0	277	0	0	169	4
184	0	0	0	0	0	0	0	0	9	7	468	43	0	4
5151	133	9	2	390	0	0	0	0	0	0	0	0	0	4
1159	42	0	16	466	0	0	21	0	0	0	0	0	0	4
1509	0	4	0	0	0	60	0	0	429	137	0	0	0	4
86	0	0	0	0	0	0	0	14	8	1	0	710	0	4
87	858	26	0	44	70	0	0	0	0	0	0	0	0	4
3581	0	0	0	0	0	0	0	0	928	0	67	259	21	4
5446	84	22	0	0	1319	0	9	0	0	0	0	0	0	4
5412	0	0	0	0	0	0	0	4	28	0	1185	417	0	4
5360	0	92	0	0	0	0	0	19	0	0	0	1550	77	4
5331	3178	0	0	0	30	0	1	0	0	0	0	1	0	4
2993	0	1	0	1	0	1	1	0	0	1	0	0	0	5
5216	0	0	1	2	0	0	0	1	0	1	0	0	1	5
1823	0	0	0	1	0	0	1	0	0	1	2	1	0	5
2123	0	0	0	0	0	0	0	2	1	1	1	2	0	5
1390	1	1	0	2	0	0	2	1	0	0	0	0	0	5
4788	2	2	0	0	0	0	0	1	0	1	0	0	1	5
5472	0	0	0	1	3	0	2	0	1	0	0	1	0	5
1957	0	0	2	0	1	1	1	0	3	0	0	0	0	5
4130	0	0	0	1	2	2	0	0	1	0	0	2	0	5
5301	0	0	1	1	0	0	1	0	0	0	0	2	3	5
1637	1	0	1	0	0	0	3	0	0	0	1	0	2	5
4333	1	2	0	0	0	0	0	2	0	1	0	0	2	5
599	0	0	0	2	0	1	0	1	0	0	0	2	2	5
2104	0	1	0	2	1	0	4	0	0	0	0	1	0	5
4205	0	0	1	0	0	1	0	0	1	0	0	2	4	5
4763	0	0	0	0	1	0	3	2	1	2	0	0	0	5
4187	0	0	0	0	0	0	0	2	3	0	2	1	2	5
2541	0	0	0	3	0	1	2	0	0	0	1	3	0	5
5140	1	1	0	1	1	0	6	0	0	0	0	0	0	5
1911	0	2	1	0	0	0	0	1	5	0	0	1	0	5
5141	0	1	0	2	1	1	0	0	0	5	0	0	0	5
3593	3	0	0	0	0	0	1	4	0	1	0	0	1	5
2373	0	0	1	0	0	0	0	0	0	2	1	3	4	5
5205	0	1	1	0	0	0	0	2	6	0	0	0	1	5
5252	0	0	0	0	2	0	0	0	1	1	5	0	2	5
1298	0	0	1	0	1	5	2	0	4	0	0	0	0	5
3166	0	1	0	0	1	0	1	0	0	0	8	0	3	5
1409	0	4	0	0	0	0	0	2	2	4	0	2	0	5
37	0	0	0	0	1	0	0	4	4	3	0	0	2	5
4150	0	0	5	2	0	3	0	2	0	0	0	2	0	5
5286	0	0	1	0	0	1	0	0	2	9	0	0	2	5
146	0	2	0	1	8	0	3	0	0	2	0	0	0	5
1111	0	4	5	0	0	0	0	2	3	2	0	0	0	5
751	0	1	2	0	0	0	2	0	2	0	10	0	0	5
5189	0	0	0	2	0	1	6	0	0	0	4	0	4	5
2945	0	2	8	0	0	0	0	0	5	1	0	0	1	5
1196	0	0	6	0	0	0	0	0	9	1	0	1	1	5
5198	0	0	0	0	0	0	0	1	0	5	2	5	7	5
3677	0	0	0	9	0	0	5	1	0	0	4	1	0	5
4114	0	0	8	3	0	3	5	0	0	0	0	1	0	5
5492	0	0	1	0	0	0	5	0	3	0	0	2	11	5
5115	0	0	1	0	0	0	0	0	8	9	2	2	0	5
5338	0	0	0	0	0	0	0	6	2	1	6	8	0	5
4358	0	0	1	0	0	0	0	6	5	0	3	8	0	5
2660	0	0	0	0	0	0	1	4	2	0	3	0	13	5
4361	0	0	0	0	0	0	0	10	3	1	3	7	0	5
2099	5	0	2	0	14	0	0	0	2	0	0	0	2	5
5034	3	8	6	10	0	1	0	0	0	0	0	0	0	5
5315	1	0	1	0	0	0	0	0	6	27	0	1	0	5
3835	0	0	1	0	0	0	0	1	7	2	0	0	26	5
4056	0	0	0	0	0	0	0	12	7	1	9	8	0	5
5408	0	0	0	0	0	0	1	0	0	8	6	15	8	5
520	11	21	4	0	1	0	1	0	0	0	0	0	0	5
5328	0	0	0	0	0	0	1	0	23	12	1	0	2	5
3656	0	4	4	6	0	0	0	0	13	13	0	0	0	5
3971	0	0	0	0	0	0	0	9	0	4	10	14	4	5
377	4	4	0	0	0	0	0	0	0	0	34	6	4	5
3171	1	0	0	3	0	12	0	0	0	0	36	0	1	5
926	0	0	0	21	0	0	8	17	0	0	7	0	3	5
5114	10	12	18	16	0	0	0	0	0	1	0	0	0	5
224	19	0	0	10	15	5	8	0	0	0	0	0	0	5
248	0	0	0	48	0	1	1	0	2	0	0	6	0	5
4326	0	0	0	0	8	23	0	7	0	24	3	0	0	5
428	16	0	0	13	33	0	1	0	0	3	0	0	0	5
140	0	0	3	0	0	0	0	0	7	3	35	20	0	5
4153	0	37	0	0	38	4	1	0	0	0	0	0	1	5
3962	0	0	17	0	1	1	0	0	0	0	0	56	7	5
38	0	1	0	24	39	0	0	9	0	0	0	28	0	5
542	0	0	7	0	0	5	0	0	38	33	0	0	23	5
101	0	0	4	45	0	0	5	24	0	0	0	34	0	5
3100	0	0	62	0	0	0	0	0	33	8	8	6	0	5
300	18	7	18	0	34	43	0	0	0	0	0	0	0	5
5206	0	0	32	0	36	0	27	0	25	0	0	1	0	5
4945	0	5	0	43	0	37	39	0	0	0	0	0	3	5
164	0	0	0	0	0	3	1	0	23	11	131	0	0	5
3159	0	0	0	1	0	0	0	0	65	0	91	49	1	5
238	0	1	0	34	40	0	1	0	0	0	0	164	0	5
113	6	245	0	5	0	0	6	0	0	1	0	0	0	5
335	0	0	0	0	0	26	0	0	223	12	0	20	1	5
70	1	0	0	0	119	566	0	65	0	0	0	27	0	5
157	0	0	39	0	0	0	21	71	537	129	0	0	0	5
41	1062	166	3	0	33	0	2	0	0	0	0	0	0	5
4314	8	1241	3	38	0	1	0	0	0	0	0	0	0	5
75	12	202	0	0	6	63	0	1048	0	0	0	0	0	5
39	2	0	12	0	0	0	0	0	0	0	959	6	802	5
5184	0	0	495	0	0	0	0	928	142	456	226	0	0	5
2970	0	0	0	0	6	0	5	3743	0	0	676	0	10	5
9	0	0	37	1	11	0	8373	20	0	0	0	0	0	5
4929	1	1	0	1	1	2	0	1	0	0	0	0	0	6
5343	0	0	0	1	0	1	1	0	0	0	1	1	2	6
2171	0	1	1	0	0	0	0	2	0	1	2	0	1	6
4900	0	0	0	0	1	0	2	1	1	2	0	1	0	6
3667	1	0	1	0	0	0	1	0	2	5	0	0	1	6
3945	0	1	0	0	2	0	0	0	1	1	0	5	2	6
3390	2	4	1	1	0	3	0	0	0	0	0	0	1	6
3924	0	0	0	1	0	0	1	3	0	0	2	2	3	6
3283	0	2	0	0	0	0	2	0	1	1	0	1	6	6
4805	2	2	0	1	4	1	3	0	0	0	0	0	0	6
4315	0	4	0	1	4	1	1	2	0	0	0	0	0	6
4147	0	0	0	0	0	0	2	1	3	0	1	3	4	6
47	0	0	0	0	1	1	5	0	1	2	0	0	4	6
3646	0	2	0	1	1	2	7	0	0	0	0	0	1	6
3207	0	0	0	0	3	1	3	5	1	2	0	0	0	6
2088	0	0	4	3	0	2	0	2	0	2	0	2	0	6
4293	4	5	0	0	0	0	1	1	0	1	0	0	4	6
1005	0	0	1	1	0	8	2	0	0	4	0	0	1	6
5512	0	0	3	3	1	8	0	1	0	0	0	0	1	6
3104	0	2	0	0	1	0	4	4	1	6	0	0	0	6
4364	0	0	1	0	0	0	0	6	1	4	4	3	0	6
3582	0	0	0	0	0	0	1	2	7	6	0	2	1	6
1183	2	0	2	0	1	3	10	0	2	0	0	0	0	6
2526	0	2	8	3	0	1	3	0	0	0	0	4	0	6
5001	0	0	0	0	0	0	0	2	6	5	5	1	4	6
2302	1	8	0	5	8	1	1	0	0	0	0	0	0	6
3828	5	1	1	0	0	0	10	0	0	1	0	0	11	6
5339	0	0	0	0	0	0	7	3	6	0	4	5	5	6
3	0	0	0	0	0	0	0	3	2	4	5	14	2	6
4218	0	1	15	1	0	5	8	0	0	0	0	1	0	6
2353	0	0	6	0	0	6	1	0	1	0	0	12	6	6
2861	7	1	0	0	0	0	2	8	0	10	0	0	4	6
4301	0	0	0	0	0	0	0	7	1	3	9	9	4	6
5291	0	15	1	0	0	5	0	0	8	0	0	2	2	6
2529	4	5	20	7	0	0	1	0	0	1	0	0	0	6
5067	0	0	0	0	0	0	0	10	4	5	7	10	4	6
4962	0	0	0	0	0	2	7	1	8	29	0	2	0	6
3445	9	2	1	35	1	2	0	0	0	0	0	0	0	6
3234	0	0	8	0	0	0	4	5	0	0	16	16	2	6
753	0	2	1	0	0	0	0	9	20	16	0	3	0	6
3802	0	0	0	0	0	1	6	0	4	26	0	4	11	6
440	0	0	6	0	0	31	1	0	6	4	0	0	5	6
30	0	0	0	0	0	1	7	0	3	2	37	0	6	6
5254	0	0	4	0	0	9	1	0	18	23	0	0	3	6
29	0	0	1	0	5	10	37	3	0	0	0	0	3	6
104	0	0	2	0	0	0	0	7	19	0	6	21	5	6
3969	0	0	1	0	0	0	1	0	14	1	0	39	5	6
1278	0	0	0	0	46	2	4	0	1	0	32	0	18	6
4896	0	22	0	0	0	0	0	0	5	14	3	30	31	6
456	21	43	0	0	0	0	22	4	0	1	0	0	23	6
40	0	0	31	0	6	1	9	0	20	0	0	67	0	6
261	0	0	0	0	0	11	3	107	0	1	0	8	10	6
42	24	8	8	0	0	0	9	0	0	0	0	21	85	6
53	0	0	0	0	0	0	1	13	36	10	46	59	0	6
253	0	5	0	0	0	0	0	98	1	7	8	0	74	6
305	0	0	0	0	0	44	4	20	54	15	0	59	0	6
4734	21	0	9	90	0	27	0	9	59	0	0	0	0	6
72	0	2	86	13	0	82	0	25	0	0	0	0	11	6
171	10	8	0	123	37	8	38	0	0	0	0	0	0	6
2338	0	0	1	0	0	0	0	78	16	3	84	93	0	6
119	0	1	0	0	1	22	15	0	7	0	0	0	270	6
35	0	0	0	0	32	0	5	0	190	50	3	0	86	6
93	63	17	0	46	147	144	0	3	0	0	0	0	0	6
55	47	40	4	43	44	0	274	0	0	0	0	0	0	6
212	0	0	21	0	0	10	0	128	24	0	374	20	0	6
4118	4	36	0	0	55	0	2	0	465	0	0	0	44	6
153	0	0	10	0	88	0	0	19	112	541	0	17	0	6
100	0	0	43	0	0	0	0	28	532	4	0	57	205	6
4740	108	96	21	36	807	0	66	0	0	0	0	0	0	6
21	0	0	0	0	0	0	6	1098	1	0	65	19	104	6
2896	0	0	5	0	0	0	0	446	109	11	582	528	0	6
5008	2	2	0	72	1786	0	9	0	0	0	0	1	0	6
62	0	0	92	0	0	94	0	206	380	82	0	0	1149	6
4751	1548	313	12	3	160	0	1	0	0	0	0	0	0	6
5481	0	1	2	0	0	1	1	0	1	1	0	0	3	7
2311	4	0	0	0	1	1	1	1	1	3	0	0	0	7
5320	1	0	0	0	1	1	1	0	1	6	0	0	1	7
4745	0	0	0	0	3	1	2	3	0	2	0	1	1	7
4738	1	0	0	1	0	3	1	1	3	7	0	0	0	7
1665	2	4	0	2	3	3	2	0	0	0	0	0	1	7
5044	2	4	0	4	3	2	1	0	0	0	0	1	0	7
2596	1	2	3	9	0	1	0	1	0	0	0	0	1	7
2725	7	5	2	2	0	3	0	0	1	1	0	0	0	7
2597	0	0	1	0	0	0	1	0	1	1	3	6	8	7
4912	3	5	0	5	1	5	1	0	0	0	0	1	0	7
4902	2	3	10	2	0	2	1	0	0	0	0	0	1	7
3583	5	3	0	0	0	1	1	6	0	5	0	0	1	7
4238	0	0	10	1	0	3	3	2	0	0	2	2	0	7
2636	0	0	9	3	0	3	3	0	0	1	1	3	0	7
2810	0	0	7	1	0	2	4	1	0	0	2	6	0	7
5102	1	1	0	1	0	0	14	1	2	0	0	5	0	7
3043	0	0	0	1	3	1	5	6	2	10	0	0	0	7
2261	0	4	1	7	11	4	2	0	0	0	0	2	0	7
1001	2	5	0	3	3	3	12	0	0	0	0	5	0	7
3755	0	0	2	0	0	2	2	0	14	15	0	1	1	7
5497	0	0	0	0	4	1	5	0	1	9	0	1	16	7
4289	0	0	1	0	0	5	2	0	3	2	0	10	15	7
2303	3	11	0	10	8	5	0	1	0	0	0	2	0	7
5300	0	0	0	0	0	1	9	14	5	0	2	7	6	7
4774	8	2	23	7	0	1	0	0	2	1	0	0	0	7
5476	2	0	4	0	1	6	4	0	14	15	0	0	0	7
697	31	10	1	0	1	0	1	0	0	2	0	0	1	7
4335	0	0	1	0	0	0	0	16	7	2	9	19	1	7
11	10	6	1	2	17	0	18	0	0	0	0	0	2	7
5382	0	14	0	0	12	6	3	0	14	3	0	0	7	7
2297	3	0	0	0	0	3	1	7	20	9	0	20	0	7
394	2	3	2	47	0	1	8	0	1	0	0	0	0	7
636	0	0	0	0	0	0	20	2	3	2	3	18	16	7
3655	16	11	32	6	3	0	2	0	0	0	0	0	1	7
451	21	41	0	6	0	1	11	2	0	0	0	0	3	7
65	0	3	1	0	0	0	0	0	3	3	5	25	48	7
3687	4	5	0	27	27	4	24	0	0	0	0	0	1	7
5119	39	27	0	1	24	34	12	0	0	18	0	0	0	7
907	0	1	0	1	0	52	0	6	100	1	0	0	13	7
631	0	0	0	1	16	1	0	5	0	0	1	143	9	7
3127	4	0	0	0	0	0	0	14	47	27	10	119	2	7
85	4	0	0	3	0	122	17	0	0	0	17	62	9	7
4820	2	0	0	3	35	2	207	0	0	8	0	0	1	7
270	1	2	5	4	0	1	0	249	0	2	0	0	0	7
323	4	3	0	0	0	0	0	15	8	3	4	0	239	7
5239	20	0	1	1	3	135	0	121	0	0	0	4	0	7
172	49	18	0	20	36	64	59	0	0	125	0	0	0	7
173	4	1	0	0	395	12	5	0	0	2	0	0	5	7
43	71	49	0	0	0	1	22	86	0	106	0	0	100	7
2094	49	55	283	93	0	2	0	2	0	1	0	0	0	7
68	0	0	0	1	0	116	0	328	33	0	114	54	333	7
5113	0	0	279	0	0	304	0	21	3405	5485	839	133	0	7
4654	2	1	1	0	1	4	1	1	0	4	0	0	0	8
2534	0	1	8	1	0	1	1	1	0	0	1	2	0	8
5437	1	5	0	0	1	3	1	0	0	1	0	1	5	8
4733	1	2	0	2	3	3	5	2	0	2	0	0	0	8
5042	0	2	0	1	3	1	10	1	1	2	0	0	0	8
13	0	0	0	0	1	0	6	2	4	1	2	3	4	8
2018	1	0	3	0	0	6	2	2	1	7	0	0	3	8
2	0	0	3	1	0	1	5	2	0	0	4	5	6	8
2031	0	2	0	0	1	0	2	1	2	18	0	1	1	8
438	5	3	8	3	1	4	2	0	0	2	0	0	0	8
5048	1	0	0	2	7	0	5	4	3	6	0	1	0	8
4240	0	0	1	2	0	1	2	0	1	1	0	7	21	8
3032	3	2	1	1	13	4	12	0	0	0	0	0	1	8
3547	5	5	2	5	5	3	11	0	0	0	0	0	2	8
2681	3	1	15	12	0	1	0	0	1	1	0	0	4	8
4965	5	5	3	10	11	4	1	0	0	0	0	3	0	8
4338	0	8	1	19	8	2	1	0	0	0	0	2	1	8
61	0	3	6	0	0	1	10	1	0	6	9	0	7	8
3650	0	0	0	1	0	4	5	1	1	3	0	22	6	8
1338	1	6	3	0	0	0	0	12	11	5	0	2	3	8
914	3	9	1	14	10	4	0	1	0	0	0	2	0	8
3671	0	2	1	5	20	3	13	0	0	1	0	0	3	8
4164	3	0	2	0	1	5	2	0	17	26	0	0	2	8
46	1	5	6	0	0	0	0	17	29	1	0	6	3	8
2182	5	7	1	43	3	2	9	0	0	0	0	0	2	8
2329	10	4	5	1	12	8	21	0	0	0	0	0	11	8
3663	14	28	4	12	0	7	0	1	6	2	0	0	0	8
132	6	7	11	0	0	3	0	0	13	3	0	26	16	8
107	61	0	2	0	0	0	1	0	5	6	3	12	1	8
4765	4	35	6	37	37	11	0	1	0	0	0	3	0	8
3585	0	0	0	1	0	0	6	93	28	32	7	48	10	8
152	6	16	0	1	188	9	3	0	20	7	0	0	0	8
227	99	18	68	0	0	16	0	43	2	2	0	54	0	8
3822	19	0	0	0	0	0	5	5	172	119	23	58	5	8
57	0	89	552	2	0	0	38	24	50	9	0	0	8	8
34	0	0	15	0	0	0	66	10	20	178	306	667	231	8
4252	0	0	21	0	0	0	15	528	195	184	35	417	115	8
5551	0	4	19	0	0	0	17	0	32	38	7	52	1377	8
4191	0	71	1	3	0	0	1	5	16	62	0	0	2098	8
5482	8	190	404	0	0	0	0	720	822	58	0	133	48	8
4785	393	233	0	3	0	2	117	542	0	563	0	0	621	8
5091	0	166	44	217	0	1382	123	445	0	773	0	22	0	8
5210	0	4	9	0	0	12	194	0	40	12	2858	0	190	8
2533	1	1	1	2	0	3	0	2	1	2	0	0	3	9
5015	4	3	9	3	1	1	0	1	2	0	0	0	1	9
4933	0	3	0	3	5	2	6	6	2	1	0	1	0	9
5068	2	3	0	7	1	1	22	0	1	1	0	2	0	9
3686	1	0	3	9	6	9	0	7	1	2	0	0	5	9
0	0	0	14	8	0	4	5	6	1	0	2	3	1	9
5018	0	0	0	4	3	1	12	5	2	17	0	1	1	9
3596	5	9	2	13	8	6	2	2	0	0	0	2	0	9
4772	0	2	0	2	13	2	16	12	5	16	0	2	0	9
5086	4	23	3	12	23	3	2	8	0	0	0	11	0	9
192	0	11	16	28	0	10	0	15	28	21	1	0	7	9
110	7	31	1	1	473	3	1	0	4	0	0	1	0	9
3604	0	73	0	0	41	0	6	12	26	39	11	304	227	9
116	0	0	0	1	0	9	19	243	12	2	263	116	86	9
88	9	51	99	105	215	76	194	0	73	0	0	142	0	9
4942	151	0	65	644	1	183	0	55	358	1	0	0	1	9
4272	0	74	20	13	1	9	1	1336	0	32	0	0	808	9
3936	0	7	3	27	19	2546	74	5	0	0	11	7	0	9
31	44	0	182	0	40	564	126	0	1515	1807	0	13	166	9
4966	2	5	12	4	0	4	1	1	1	3	0	0	1	10
5359	0	0	2	13	0	2	5	4	1	1	2	10	2	10
4749	2	2	2	5	1	7	3	0	3	10	0	0	10	10
5473	1	3	1	1	1	1	5	0	1	0	45	2	0	10
3549	5	5	21	9	0	6	1	1	5	2	0	0	7	10
2282	8	10	26	10	0	7	1	5	1	3	0	0	1	10
485	0	0	1	1	0	1	28	4	2	2	7	14	13	10
5080	1	3	0	1	16	5	8	20	12	17	0	0	1	10
197	5	0	5	6	0	63	6	0	25	5	3	1	1	10
4808	3	4	2	5	21	5	35	17	16	26	0	0	0	10
4	3	0	5	1	3	14	10	8	27	77	0	6	0	10
4800	14	65	2	59	54	18	2	10	0	0	0	11	1	10
178	11	76	24	0	36	4	10	0	7	35	0	4	70	10
137	18	7	17	4	94	0	154	6	3	7	3	0	0	10
162	1	0	4	0	0	9	1	12	120	10	30	83	52	10
4910	32	89	5	77	84	35	21	11	0	0	0	22	1	10
5	32	130	11	115	188	25	9	52	0	0	0	17	1	10
5560	2	1	26	0	0	0	6	12	110	41	120	281	65	10
5069	61	177	19	120	150	58	63	8	0	0	0	20	6	10
4830	6	33	2	185	30	37	73	8	2	0	0	391	0	10
5010	80	322	35	266	212	133	21	20	0	0	0	60	1	10
3536	12	29	0	0	0	40	27	97	235	294	193	287	130	10
5522	1254	34	13	89	41	0	19	0	29	80	0	662	1	10
5176	0	0	11	0	14	19	523	582	481	67	190	650	469	10
25	0	2	93	71	0	257	159	22	146	193	0	1462	1036	10
884	14	5	4	4	7	10	4	6	5	9	0	0	4	11
2536	7	7	21	10	4	8	1	3	1	6	0	0	9	11
3453	2	1	1	11	46	3	14	9	3	7	0	0	6	11
5125	10	1	19	9	2	21	1	20	11	13	0	0	21	11
216	0	3	3	4	28	0	1	79	17	11	3	1	27	11
4892	17	53	1	62	42	21	3	4	1	0	0	10	1	11
18	0	8	66	3	37	5	17	105	1	0	54	436	12	11
5116	0	11	59	6	26	0	19	324	196	96	32	26	14	11
3163	1145	863	168	193	9	408	52	100	634	138	0	10	0	11
2850	470	419	2431	669	12	28	5	8	8	29	0	0	22	11
4918	45	2	64	0	90	354	335	994	2005	3664	0	1811	97	11
4792	2628	9608	846	8422	7175	3276	857	582	2	0	0	1913	127	11
2764	4	6	2	4	8	4	13	6	1	23	0	1	1	12
5072	2	7	3	3	15	15	14	18	10	17	0	1	2	12
5016	6	24	4	1	114	28	146	11	0	184	3	16	271	12
1	11	15	56	58	22	417	14	283	16	37	0	15	19	12
5423	147	1205	29	10	147	297	93	15	446	129	0	174	907	12
5550	640	451	304	279	2049	606	2211	8	8	0	2	1	467	12
5090	455	48	1060	336	231	1602	228	582	662	1225	1	0	1522	12